1000000,1.0324056452359884E-8
2000000,5.265140078543311E-9
3000000,5.71585387513695E-9
4000000,3.3332788629530432E-9
5000000,2.8468775320773065E-9
6000000,1.6366681988852984E-9
7000000,2.6498636569349298E-9
8000000,1.2460454397624825E-9
9000000,7.96546260471739E-10
10000000,1.193621856089779E-9
11000000,1.8852659363247536E-9
12000000,6.316015073878656E-10
13000000,5.405546470557162E-10
14000000,4.467028778924959E-10
15000000,9.78037912176707E-10
16000000,5.42914797763423E-10
17000000,6.145974133192028E-10
18000000,6.093178736579879E-10
19000000,6.810350323535409E-10
100000000,7.9692117388758E-11
110000000,3.705896759702566E-11
120000000,8.593558870889403E-11
130000000,1.123534173615123E-10
140000000,4.577181574202467E-11
150000000,6.623853356643166E-11
160000000,5.871710329984449E-11
170000000,7.055414286045223E-11
180000000,6.978397495913201E-11
190000000,2.1232903660627847E-11
