1000000,1.3105799
2000000,2.1667315
3000000,3.1319243
4000000,4.1201486
5000000,5.1730377
6000000,6.3437239
7000000,7.7386256
8000000,8.4688959
9000000,9.7406534
10000000,10.555701
11000000,11.5308086
12000000,12.5125226
13000000,13.6097859
14000000,14.7038848
15000000,15.7185829
16000000,16.3792878
17000000,17.2588178
18000000,18.5017676
19000000,19.2577591
100000000,98.8116623
110000000,106.7713615
120000000,122.6959831
130000000,129.667555
140000000,137.3530844
150000000,156.3593612
160000000,155.7020768
170000000,176.2483365
180000000,190.4717239
190000000,192.2460718
